# ============================================================================
# phenotype_concept_ids.R
# OMOP Concept IDs used for phenotype definitions
# Platform: All of Us Researcher Workbench (OMOP CDM v5)
# ============================================================================

# =============================================================================
# OUTCOME PHENOTYPES
# =============================================================================

# --- Epilepsy/Seizure (broad, Outcome 1) -------------------------------------
# Standard concept IDs:
epilepsy_seizure_std <- c(
  37208117, 4261957, 4047903, 4150299, 4026922, 43530665, 3654658,
  380378, 374023, 45757050, 4029498, 4196708, 377091, 4326435
)
# Source concept IDs:
epilepsy_seizure_src <- c(1572257, 1568300)

# --- Epilepsy diagnoses only (Outcome 2 component) --------------------------
epilepsy_dx_std <- c(
  37208117, 4261957, 4047903, 4150299, 380378, 374023, 45757050, 4326435
)
epilepsy_dx_src <- c(1568300)

# --- Seizure-only codes (Outcome 2 component, requires >=2 dates) -----------
seizure_only_std <- c(43530665, 3654658, 4029498, 4196708, 377091, 4026922)
seizure_only_src <- c(1572257)

# --- G40-only epilepsy (Outcome 3, high specificity) ------------------------
# ICD-10-CM G40.0-G40.9, G40.A, G40.B
# Specificity 79.4% (62.1-91.3), PPV 98.3% (96.6-99.3)
epilepsy_g40_src <- c(1568300)

# --- Hypoglycemia (for Outcome 4 exclusion) ----------------------------------
hypoglycemia_src <- c(
  1567955, 1567939, 1567922, 35206889, 44831048, 44820686,
  1567988, 35206888, 1567971, 35206887
)

# =============================================================================
# EXCLUSION PHENOTYPES
# =============================================================================

# --- MCI (Mild Cognitive Impairment) -----------------------------------------
mci_src <- c(44823010, 45553737, 45595932, 37402458)

# --- ADRD (Alzheimer's & Related Dementias) ----------------------------------
adrd_std <- c(
  380701, 43021816, 4046090, 37109056, 4043378, 4047747, 378419, 37018688
)
adrd_src <- c(
  44820709, 44831078, 44824152, 44829914, 44836959, 44835772, 44835825,
  44819534, 44820749, 44821811, 44829917, 44827641, 44824106, 44827644,
  44835773, 44826538, 44836954, 44821810, 44820073, 44821813, 44831083,
  44826537, 44834581, 44827645, 45591073, 35207361, 45591076, 35207358,
  35207359, 35207116, 35207328, 45538103, 35207511, 35207360, 45595842,
  45553736, 35211390, 35207356, 45605533, 45600684, 35207115, 35207357,
  45595843, 35207118, 45538000, 35207121, 44831122, 45600683
)

# --- Stroke ------------------------------------------------------------------
stroke_std <- c(
  4045734, 437847, 4048785, 3656941, 3656857, 4043734, 437544, 437540,
  4110192, 372924, 46270031, 4110190, 4269209, 45772786, 4332369, 43531607,
  373503, 4111714, 4045736, 762933, 4334245, 443454, 4108356
)
stroke_src <- c(
  1569193, 44824253, 44830001, 1568724, 45571838, 1568360, 44834648, 44820873
)

# =============================================================================
# DIABETES PHENOTYPE
# =============================================================================

# --- T2D (excluding T1D) ----------------------------------------------------
t2d_include_std <- c(
  43531578, 443729, 4228443, 35626070, 36714116, 45770928, 43530689,
  43530690, 45770880, 45773064, 40485020, 4193704, 43531010, 201530,
  443732, 43531651, 4222415, 43531564, 4200875, 40482801, 201826, 45757277,
  4129519, 43530685, 37018728, 45769905, 4221495, 43531563
)
t2d_include_src <- c(
  44828795, 44832194, 44832193, 44836915, 44826461, 1567956, 44833366,
  44829882, 44829879, 44824073, 44831045, 44824072, 44831047, 44836914,
  44833367, 44827617, 44827616, 44836916, 44829878, 44819500, 44826460
)
t2d_exclude_std <- c(
  37018566, 42535540, 45769873, 201254, 4224254, 45773688, 4225656, 435216,
  4225055, 45757266, 45769830, 43531009, 318712, 40484648, 45770902, 35626069,
  45763584, 201531, 40484649, 4228112, 43531008, 45757507, 443412, 45757432
)
t2d_exclude_src <- c(
  44820682, 44819504, 44832192, 44829881, 44822934, 44833368, 44824071,
  44821787, 44832190, 44819501, 44819502, 44825264, 44836918, 44822936,
  44822935, 1567940, 44832191, 44831046, 44820684, 44834549, 44820683
)

# =============================================================================
# PHENOTYPE ASCERTAINMENT METHOD
# =============================================================================
# All phenotypes ascertained via cb_search_all_events table in OMOP CDM.
# Concept hierarchies traversed using cb_criteria table (descendant lookup).
# Standard concepts (is_standard = 1) and source concepts (is_standard = 0)
# queried separately then combined via UNION.
# Exclusion phenotypes applied via NOT IN subquery on person_id.
